加油日期,累積公里數,加油費用,加油公升數,95無鉛汽油油價,下次加油累積公里數,行駛公里數,油耗,每公里費用 
2014/11/26,62615,105,3.39,30.97,62741,126,37.17,0.83 
2014/12/02,62741,101,3.42,29.53,62851,110,32.16,0.92 
2014/12/08,62851,100,3.5,28.57,62976,125,35.71,0.80 
2014/12/12,62976,100,3.52,28.41,63109,133,37.78,0.75 
2014/12/18,63109,100,3.64,27.47,63231,122,33.52,0.82 
2014/12/24,63231,90,3.39,26.55,63343,112,33.04,0.80 
2014/12/28,63343,90,3.39,26.55,63460,117,34.51,0.77 
2015/01/05,63460,84,3.24,25.93,63573,113,34.88,0.74 
2015/01/09,63573,82,3.19,25.71,63671,98,30.72,0.84 
2015/01/14,63671,67,2.71,24.72,63793,122,45.02,0.55 
2015/01/20,63793,82,3.47,23.63,63933,140,40.35,0.59 
2015/01/25,63933,90,3.8,23.68,64056,123,32.37,0.73 
2015/02/02,64056,79,3.36,23.51,64153,97,28.87,0.81 
2015/02/05,64153,58,2.46,23.58,64279,126,51.22,0.46 
2015/02/13,64279,97,3.84,25.26,64405,126,32.81,0.77 
2015/02/23,64405,100,3.72,26.88,64509,104,27.96,0.96 
2015/03/02,64509,82,3.14,26.11,64609,100,31.85,0.82 
2015/03/05,64609,76,2.89,26.30,64730,121,41.87,0.63 
2015/03/13,64730,81,3.07,26.38,64843,113,36.81,0.72 
2015/03/18,64843,83,3.2,25.94,64961,118,36.88,0.70 
2015/03/24,64961,79,3.14,25.16,65220,259,82.48,0.31 
2015/04/07,65220,102,4.01,25.44,65339,119,29.68,0.86 
2015/04/14,65339,86,3.32,25.90,65471,132,39.76,0.65 
2015/04/20,65471,89,3.45,25.80,65590,119,34.49,0.75 
2015/04/25,65590,91,3.43,26.53,65698,108,31.49,0.84 
2015/04/29,65698,91,3.48,26.15,65822,124,35.63,0.73 
2015/05/06,65822,91,3.46,26.30,65967,145,41.91,0.63 
2015/05/14,65967,104,3.89,26.74,66076,109,28.02,0.95 
2015/05/21,66076,80,2.91,27.49,66186,110,37.80,0.73 
2015/05/25,66186,86,3.12,27.56,66324,138,44.23,0.62 
2015/06/02,66324,100,3.69,27.10,66434,110,29.81,0.91 
2015/06/08,66434,90,3.44,26.16,66539,105,30.52,0.86 
2015/06/11,66539,77,2.94,26.19,66669,130,44.22,0.59 
2015/06/17,66669,100,3.69,27.10,66803,134,36.31,0.75 
2015/06/24,66803,100,3.66,27.32,66923,120,32.79,0.83 
2015/06/30,66923,90,3.33,27.03,67008,85,25.53,1.06 
2015/07/06,67008,80,2.95,27.12,67111,103,34.92,0.78 
2015/07/13,67111,78,2.99,26.09,67250,139,46.49,0.56 
2015/07/18,67250,106,4.06,26.11,67374,124,30.54,0.85 
2015/07/24,67374,77,2.95,26.10,67501,127,43.05,0.61 
2015/07/30,67501,100,3.85,25.97,67602,101,26.23,0.99 
2015/08/04,67602,73,2.88,25.35,67732,130,45.14,0.56 
2015/08/10,67732,91,3.7,24.59,67855,123,33.24,0.74 
2015/08/14,67855,88,3.57,24.65,68014,159,44.54,0.55 
2015/08/21,68014,100,4.01,24.94,68121,107,26.68,0.93 
2015/08/26,68121,83,3.38,24.56,68248,127,37.57,0.65 
2015/09/01,68248,84,3.52,23.80,68377,129,36.65,0.65 
2015/09/08,68377,90,3.63,24.90,68502,125,34.44,0.72 
2015/09/13,68502,100,4.0,24.90,68625,123,30.75,0.81 
2015/09/17,68625,91,3.7,24.60,68731,106,28.65,0.86 
2015/09/22,68731,83,3.43,24.10,68830,99,28.86,0.84 
2015/10/01,68830,67,2.78,24.20,68939,109,39.21,0.61 
2015/10/06,68939,75,3.11,24.20,69036,97,31.19,0.77 
2015/10/12,69036,77,3.08,25.00,69125,89,28.90,0.87 
2015/10/15,69125,68,2.73,25.00,69227,102,37.36,0.67 
2015/10/20,69227,77,3.11,24.70,69352,125,40.19,0.62 
2015/10/26,69352,91,3.81,24.00,69477,125,32.81,0.73 
2015/11/02,69477,89,3.69,24.00,69599,122,33.06,0.73 
2015/11/09,69599,80,3.31,24.20,69715,116,35.05,0.69 
2015/11/13,69715,77,3.17,24.20,69807,92,29.02,0.84 
2015/11/18,69807,69,2.94,23.60,69921,114,38.78,0.61 
2015/11/24,69921,67,2.95,22.90,70063,142,48.14,0.47 
2015/12/01,70063,101,4.35,23.20,70225,162,37.24,0.62 
2015/12/09,70225,97,4.21,23.00,70368,143,33.97,0.68 
2015/12/15,70368,86,3.86,22.20,70504,136,35.23,0.63 
2015/12/22,70504,74,3.42,21.50,70626,122,35.67,0.61 
2015/12/29,70626,72,3.39,21.30,70767,141,41.59,0.51 
2016/01/05,70767,88,4.09,21.40,70906,139,33.99,0.63 
2016/01/12,70906,87,4.16,20.90,71063,157,37.74,0.55 
2016/01/19,71063,85,4.27,19.80,71214,151,35.36,0.56 
2016/01/26,71214,79,3.99,19.70,71334,120,30.08,0.66 
2016/02/02,71334,70,3.36,20.70,71447,113,33.63,0.62 
2016/02/07,71447,73,3.51,20.80,71581,134,38.18,0.54 
2016/02/19,71581,73,3.56,20.40,71702,121,33.99,0.60 
2016/02/25,71702,73,3.41,21.30,71830,128,37.54,0.57 
2016/03/04,71830,80,3.76,21.30,71961,131,34.84,0.61 
2016/03/10,71961,72,3.3,21.80,72071,110,33.33,0.65 
2016/03/16,72071,76,3.33,22.70,72225,154,46.25,0.49 
2016/03/24,72225,102,4.53,22.60,72348,123,27.15,0.83 
2016/03/31,72348,61,2.66,22.80,72440,92,34.59,0.66 
2016/04/07,72440,71,3.16,22.50,72563,123,38.92,0.58 
2016/04/13,72563,77,3.45,22.30,72684,121,35.07,0.64 
2016/04/19,72684,76,3.25,23.40,72811,127,39.08,0.60 
2016/04/27,72811,88,3.73,23.50,72952,141,37.80,0.62 
2016/05/04,72952,100,4.18,24.00,73077,125,29.90,0.80 
2016/05/11,73077,82,3.43,24.00,73203,126,36.73,0.65 
2016/05/19,73203,85,3.49,24.30,73353,150,42.98,0.57 
2016/05/27,73353,100,3.99,25.00,73478,125,31.33,0.80 
2016/06/02,73478,92,3.67,25.00,73636,158,43.05,0.58 
2016/06/13,73636,100,3.92,25.40,73753,117,29.85,0.85 
2016/06/17,73753,94,3.7,25.30,73852,99,26.76,0.95 
2016/06/22,73852,76,3.06,24.80,73979,127,41.50,0.60 
2016/06/29,73979,91,3.66,25.00,74090,111,30.33,0.82 
2016/07/04,74090,86,3.48,24.80,74207,117,33.62,0.74 
2016/07/07,74207,80,3.21,24.80,74321,114,35.51,0.70 
2016/07/14,74321,84,3.42,24.50,74465,144,42.11,0.58 
2016/07/21,74465,95,3.94,24.10,74592,127,32.23,0.75 
2016/07/28,74592,94,3.91,24.10,74716,124,31.71,0.76 
2016/08/03,74716,80,3.39,23.50,74844,128,37.76,0.62 
2016/08/09,74844,87,3.75,23.20,74962,118,31.47,0.74 
2016/08/16,74962,81,3.44,23.60,75077,115,33.43,0.70 
2016/08/23,75077,83,3.37,24.70,75221,144,42.73,0.58 
2016/08/30,75221,90,3.63,23.40,75355,134,36.91,0.67 
2016/09/05,75355,98,4.02,24.40,75475,120,29.85,0.82 
2016/09/10,75475,90,3.69,24.30,75598,123,33.33,0.73 
2016/09/19,75598,83,3.45,24.10,75715,117,33.91,0.71 
2016/09/23,75715,80,3.32,24.10,75845,130,39.16,0.62 
2016/10/03,75845,96,4,24.00,75991,146,36.50,0.66 
2016/10/11,75991,100,3.95,25.20,76117,126,31.90,0.79 
2016/10/17,76117,95,3.75,25.40,76257,140,37.33,0.68 
2016/10/23,76257,98,3.83,25.50,76392,135,35.25,0.73 
2016/10/31,76392,108,4.27,25.30,76525,133,31.15,0.81 
2016/11/07,76525,98,4.07,24.20,76658,133,32.68,0.74 
2016/11/15,76658,93,3.89,23.90,76807,149,38.30,0.62 
2016/11/22,76807,98,4.1,23.90,76950,143,34.88,0.69 
2016/11/29,76950,95,3.83,24.70,77092,142,37.08,0.67 
2016/12/08,77092,102,4.07,24.00,77236,144,35.38,0.71 
2016/12/15,77236,99,3.81,26.00,77363,127,33.33,0.78 
2016/12/21,77363,95,3.59,26.30,77486,123,34.26,0.77 
2016/12/28,77486,95,3.63,26.30,77618,132,36.36,0.72 
2017/01/04,77618,100,3.75,26.70,77748,130,34.67,0.77 
2017/01/10,77748,99,3.69,26.80,77879,131,35.50,0.76 
2017/01/18,77879,60,2.28,26.40,77995,116,50.88,0.52 
2017/01/24,77995,91,3.46,26.30,78103,108,31.21,0.84 
2017/02/03,78103,94,3.52,26.30,78253,150,42.61,0.63 
2017/02/13,78253,95,3.61,26.30,78398,145,40.17,0.66 
2017/02/18,78398,93,3.54,26.30,78535,137,38.70,0.68 
2017/02/27,78535,100,3.77,26.40,78679,144,38.20,0.69 
2017/03/08,78679,98,3.72,26.40,78808,129,34.68,0.76 
2017/03/16,78808,90,3.41,26.40,78964,156,45.75,0.58 
2017/03/27,78964,90,3.6,25.00,79099,135,37.50,0.67 
2017/04/06,79099,86,3.43,25.10,79244,145,42.27,0.59 
2017/04/13,79244,104,4.03,25.70,79385,141,34.99,0.74 
2017/04/20,79385,112,4.29,26.10,79540,155,36.13,0.72 
2017/04/29,79540,108,4.22,25.70,79631,91,21.56,1.19 
2017/05/05,79631,65,2.58,25.10,79712,81,31.40,0.80 
2017/05/07,79712,66,2.61,25.20,79870,158,60.54,0.42 
2017/05/14,79870,90,3.61,24.90,80106,236,65.37,0.38 
2017/05/25,80106,87,3.44,25.30,80242,136,39.53,0.64 
2017/06/05,80242,98,3.96,24.90,80368,126,31.82,0.78 
2017/06/12,80368,87,3.55,24.40,80508,140,39.44,0.62 
2017/06/18,80508,100,4.07,24.50,80630,122,29.98,0.82 
2017/06/26,80630,84,3.5,23.90,80730,100,28.57,0.84 
2017/07/02,80730,80,3.33,24.00,80884,154,46.25,0.52 
2017/07/10,80884,104,4.22,24.60,81015,131,31.04,0.79 
2017/07/16,81015,94,3.81,24.70,81129,114,29.92,0.82 
2017/07/21,81129,83,3.45,24.10,81235,106,30.72,0.78 
2017/07/24,81235,84,3.43,24.60,81345,110,32.07,0.76 
2017/07/28,81345,81,3.31,24.60,81459,114,34.44,0.71 
2017/08/03,81459,76,3.01,24.80,81548,89,29.57,0.85 
2017/08/06,81548,92,3.71,24.80,81671,123,33.15,0.75 
2017/08/10,81671,85,3.34,25.30,81758,87,26.05,0.98 
2017/08/13,81758,65,2.54,25.30,81872,114,44.88,0.57 
2017/08/17,81872,97,3.84,25.30,81969,97,25.26,1.00 
2017/08/19,81969,97,3.34,25.40,82075,106,31.74,0.92 
2017/08/24,82075,86,3.44,25.00,82174,99,28.78,0.87 
2017/08/27,82174,83,3.3,25.10,82280,106,32.12,0.78 
2017/08/31,82280,96,3.8,25.20,82371,91,23.95,1.05 
2017/09/05,82371,69,2.72,25.30,82485,114,41.91,0.61 
2017/09/09,82485,94,3.71,25.30,82614,129,34.77,0.73 
2017/09/15,82614,104,4.03,25.70,82684,70,17.37,1.49 
2017/09/17,82684,55,2.14,25.80,82788,104,48.60,0.53 
2017/09/21,82788,86,3.31,26.00,82903,115,34.74,0.75 
2017/09/24,82903,97,3.72,26.00,83108,205,55.11,0.47 
2017/10/07,83108,103,3.85,26.70,83157,49,12.73,2.10 
2017/12/22,83157,64,2.3,27.80,83270,113,49.13,0.57 
2018/01/10,83270,96,3.38,28.40,83369,99,29.29,0.97 
2018/01/18,83369,83,2.91,28.60,83464,95,32.65,0.87 
2018/01/24,83464,85,2.96,28.70,83571,107,36.15,0.79 
2018/02/27,83571,104,3.75,27.70,83672,101,26.93,1.03 
2018/03/09,83672,83,3.0,27.80,83759,87,29.00,0.95 
2018/03/23,83759,95,3.44,27.50,83882,123,35.76,0.77 
2018/04/09,83882,105,3.71,28.20,83959,77,20.75,1.36 
2018/04/21,83959,91,3.15,28.80,84052,93,29.52,0.98 
2018/05/08,84052,115,3.88,29.60,84124,72,18.56,1.60 
2018/05/24,84124,92,3.02,30.50,84208,84,27.81,1.10 
2018/06/11,84208,98,3.26,30.10,84289,81,24.85,1.21 
2018/06/20,84289,96,3.18,30.10,84394,105,33.02,0.91 
2018/06/26,84394,90,2.99,30.00,84504,110,36.79,0.82 
2018/07/04,84504,104,3.43,30.30,84621,117,34.11,0.89 
2018/07/10,84621,100,3.28,30.50,84682,61,18.60,1.64 
2018/07/14,84682,83,2.75,30.20,84787,105,38.18,0.79 
2018/07/19,84787,87,2.73,30.30,84910,123,45.05,0.71 
2018/07/15,84910,105,3.5,30.00,85033,123,35.14,0.85 
2018/08/01,85033,108,3.58,30.20,85133,100,27.93,1.08 
2018/08/07,85133,92,3.06,30.20,85240,107,34.97,0.86 
2018/08/14,85240,95,3.14,30.10,85357,117,37.26,0.81 
2018/08/20,85357,94,3.13,29.90,85449,92,29.39,1.02 
2018/08/26,85449,85,2.83,30.00,85583,134,47.35,0.63 
2018/08/30,85583,127,4.19,30.30,85687,104,24.82,1.22 
2018/09/05,85687,90,2.92,30.70,85778,91,31.16,0.99 
2018/09/11,85778,95,3.1,30.70,85882,104,33.55,0.91 
2018/09/18,85882,112,3.62,31.00,86000,118,32.60,0.95 
2018/09/20,86000,86,2.71,31.00,86115,115,42.44,0.75 
2018/09/28,86115,100,3.21,31.00,86219,104,32.40,0.96 
2018/10/04,86219,100,3.17,31.50,86320,101,31.86,0.99 
2018/10/11,86320,100,3.18,31.50,86422,102,32.08,0.98 
2018/10/16,86422,100,3.17,31.50,86525,103,32.49,0.97 
2018/10/23,86525,82,2.62,31.40,86635,110,41.98,0.75 
2018/10/29,86635,102,3.3,31.10,86761,126,38.18,0.81 
2018/11/04,86761,120,3.87,31.00,86874,113,29.20,1.06 
2018/11/09,86874,92,2.98,30.70,86993,119,39.93,0.77 
2018/11/15,86993,97,3.25,29.90,87108,115,35.38,0.84 
2018/11/22,87108,100,3.42,29.20,87211,103,30.12,0.97 
2018/11/28,87211,84,2.96,28.30,87324,113,38.18,0.74 
2018/12/05,87324,95,3.43,27.60,87450,126,36.73,0.75 
2018/12/17,87450,95,3.42,27.80,87550,100,29.24,0.95 
2018/12/26,87550,79,2.96,26.80,87676,126,42.57,0.63 
2019/01/03,87676,100,3.85,25.90,87781,105,27.27,0.95 
2019/01/14,87781,82,2.96,26.70,87886,105,35.47,0.78 
2019/01/21,87886,84,3.02,27.80,87988,102,33.77,0.82 
2019/01/30,87988,85,3.06,27.80,88098,110,35.95,0.77 
2019/02/11,88098,90,3.24,27.80,88200,102,31.48,0.88 
2019/02/18,88200,79,2.86,27.80,88317,117,40.91,0.68 
2019/02/23,88317,75,2.69,27.70,88408,91,33.83,0.82 
2019/02/27,88408,83,3.0,27.70,88540,132,44.00,0.63 
2019/03/11,88540,104,3.71,28.00,88660,120,32.35,0.87 
2019/03/18,88660,95,3.36,28.30,88738,78,23.21,1.22 
2019/03/25,88738,81,2.82,28.80,88850,112,39.72,0.72 
2019/04/02,88850,95,3.27,29.00,88938,88,26.91,1.08 
2019/04/15,88938,80,2.74,29.40,89026,88,32.12,0.91 
2019/05/03,89026,91,3.03,30.10,89133,107,35.31,0.85 
2019/05/21,89133,104,3.42,30.30,89238,105,30.70,0.99 
2019/06/06,89238,100,3.34,29.80,89357,119,35.63,0.84 
2019/06/25,89357,48,1.68,28.60,89400,43,25.60,1.12 
2019/07/05,89400,100,3.46,29.00,89519,119,34.39,0.84 
2019/07/29,89519,104,3.97,28.60,89632,113,28.46,0.92 
2019/10/02,89632,120,4.21,28.50,89765,133,31.59,0.90 
2019/11/04,89765,100,3.58,27.90,89867,102,28.49,0.98 
2019/12/27,89867,105,3.63,29.00,89948,81,22.31,1.30 
2020/02/03,89948,89,3.25,27.30,90034,86,26.46,1.03 
2020/03/09,90034,86,3.38,25.50,90107,73,21.60,1.18 
2020/04/14,90107,50,2.58,19.40,90151,44,17.05,1.14 
2020/04/29,90151,33,1.89,17.60,90256,105,55.56,0.31 
2020/05/06,90256,50,2.82,17.60,90349,93,32.98,0.54 
2020/05/14,90349,61,3.1,19.70,90445,96,30.97,0.64 
2020/05/21,90445,54,2.61,20.50,90522,77,29.50,0.70 
2020/06/04,90522,56,2.61,21.30,90616,94,36.02,0.60 
2020/06/11,90616,56,2.54,22.00,90696,80,31.50,0.70 
2020/06/16,90696,55,2.4,22.80,90770,74,30.83,0.74 
2020/06/22,90770,55,2.37,23.10,90871,101,42.62,0.54 
